0.00237529691211 0.00634032370509 
0.00475059382423 0.00677874870691 
0.00712589073634 0.00776803358559 
0.00950118764846 0.00801035682499 
0.0118764845606 0.0081871023342 
0.0142517814727 0.00821384483905 
0.0166270783848 0.00836740515356 
0.0190023752969 0.00842231914574 
0.021377672209 0.00853108786255 
0.0237529691211 0.00861363538481 
0.0261282660333 0.00866850762396 
0.0285035629454 0.00876391249754 
0.0308788598575 0.0087818989565 
0.0332541567696 0.00928068028548 
0.0356294536817 0.00929286818579 
0.0380047505938 0.00931218061713 
0.0403800475059 0.00933538056591 
0.0427553444181 0.00939470800543 
0.0451306413302 0.00954947671024 
0.0475059382423 0.00963255835254 
0.0498812351544 0.00971322849214 
0.0522565320665 0.00986668619982 
0.0546318289786 0.0101920052323 
0.0570071258907 0.0102843707855 
0.0593824228029 0.0103449854285 
0.061757719715 0.0104913960747 
0.0641330166271 0.0108002300844 
0.0665083135392 0.0108259540096 
0.0688836104513 0.0108341665476 
0.0712589073634 0.0108794572681 
0.0736342042755 0.0109880983032 
0.0760095011876 0.0109887396286 
0.0783847980998 0.0110098476971 
0.0807600950119 0.0111185098218 
0.083135391924 0.0111200794374 
0.0855106888361 0.0111430516681 
0.0878859857482 0.0112527923853 
0.0902612826603 0.0112934427821 
0.0926365795724 0.0112976281032 
0.0950118764846 0.011400133824 
0.0973871733967 0.0116664419481 
0.0997624703088 0.0117513206014 
0.102137767221 0.0117887629347 
0.104513064133 0.0119414058184 
0.106888361045 0.0119486113174 
0.109263657957 0.0120443837856 
0.111638954869 0.0121008204947 
0.114014251781 0.0121241043963 
0.116389548694 0.0121852682062 
0.118764845606 0.0123799395128 
0.121140142518 0.0123975221653 
0.12351543943 0.012467001618 
0.125890736342 0.0125042852743 
0.128266033254 0.0125603198676 
0.130641330166 0.0125654069767 
0.133016627078 0.0125997234337 
0.13539192399 0.0126397719798 
0.137767220903 0.0126785586596 
0.140142517815 0.0127831428113 
0.142517814727 0.0127911361197 
0.144893111639 0.012833658307 
0.147268408551 0.0128391603369 
0.149643705463 0.0128935103764 
0.152019002375 0.0129143404878 
0.154394299287 0.0129516520715 
0.1567695962 0.0129653513232 
0.159144893112 0.0129737251371 
0.161520190024 0.0129758302737 
0.163895486936 0.0130411218752 
0.166270783848 0.0131252173807 
0.16864608076 0.0131299734748 
0.171021377672 0.0132065765086 
0.173396674584 0.0132103380185 
0.175771971496 0.0132154471816 
0.178147268409 0.0132684074643 
0.180522565321 0.0134943108152 
0.182897862233 0.0135066944762 
0.185273159145 0.0135083089651 
0.187648456057 0.0135413273827 
0.190023752969 0.0136255065449 
0.192399049881 0.013714088979 
0.194774346793 0.01388705663 
0.197149643705 0.0139777398252 
0.199524940618 0.0140384118508 
0.20190023753 0.0140443435522 
0.204275534442 0.0140916729622 
0.206650831354 0.0140983834782 
0.209026128266 0.0141183467142 
0.211401425178 0.0141225419448 
0.21377672209 0.0141602788643 
0.216152019002 0.0141695213672 
0.218527315914 0.0141789748045 
0.220902612827 0.0141954906308 
0.223277909739 0.0142185541733 
0.225653206651 0.0142558584903 
0.228028503563 0.0143073947329 
0.230403800475 0.0143886185057 
0.232779097387 0.0143970070259 
0.235154394299 0.0144076515642 
0.237529691211 0.0144287023331 
0.239904988124 0.014450775662 
0.242280285036 0.0144985873846 
0.244655581948 0.0145958875753 
0.24703087886 0.0145979973303 
0.249406175772 0.0145995325798 
0.251781472684 0.0146153539208 
0.254156769596 0.0146314199843 
0.256532066508 0.014666091023 
0.25890736342 0.0147302345284 
0.261282660333 0.0147785268987 
0.263657957245 0.0147832739581 
0.266033254157 0.0147928219664 
0.268408551069 0.0148412219602 
0.270783847981 0.0148505236528 
0.273159144893 0.0148741979199 
0.275534441805 0.0148906068604 
0.277909738717 0.0149134242455 
0.280285035629 0.0149167886701 
0.282660332542 0.0149457439764 
0.285035629454 0.0149988789791 
0.287410926366 0.0150003091572 
0.289786223278 0.0150356847431 
0.29216152019 0.0150456561735 
0.294536817102 0.0150867554927 
0.296912114014 0.0151074381334 
0.299287410926 0.0151128377354 
0.301662707838 0.0151198614826 
0.304038004751 0.01514156837 
0.306413301663 0.0151554399549 
0.308788598575 0.0151579081959 
0.311163895487 0.0151622044281 
0.313539192399 0.0151638968656 
0.315914489311 0.0151886380388 
0.318289786223 0.0152022416711 
0.320665083135 0.015207758245 
0.323040380048 0.0152434834937 
0.32541567696 0.0152798389519 
0.327790973872 0.0152841667903 
0.330166270784 0.0153043170559 
0.332541567696 0.0153051164625 
0.334916864608 0.0153057287758 
0.33729216152 0.0153274620403 
0.339667458432 0.0153301442616 
0.342042755344 0.015411372361 
0.344418052257 0.0154236934028 
0.346793349169 0.0154428828111 
0.349168646081 0.0154610289345 
0.351543942993 0.0154736055661 
0.353919239905 0.0154788858401 
0.356294536817 0.0154842981109 
0.358669833729 0.0154873411852 
0.361045130641 0.0155194292324 
0.363420427553 0.0155287653975 
0.365795724466 0.0155448700863 
0.368171021378 0.015557879219 
0.37054631829 0.0155701550827 
0.372921615202 0.0155928590461 
0.375296912114 0.0156077605353 
0.377672209026 0.0156137579089 
0.380047505938 0.0156208838251 
0.38242280285 0.0156334355127 
0.384798099762 0.0156508337343 
0.387173396675 0.0156686519082 
0.389548693587 0.0156728982498 
0.391923990499 0.0156731141556 
0.394299287411 0.0156879896554 
0.396674584323 0.015707981701 
0.399049881235 0.0157293868922 
0.401425178147 0.015766250335 
0.403800475059 0.0157687701638 
0.406175771971 0.0158045527947 
0.408551068884 0.0158252277289 
0.410926365796 0.0159404926604 
0.413301662708 0.0159556899311 
0.41567695962 0.0159860924775 
0.418052256532 0.0160018325207 
0.420427553444 0.0160185814043 
0.422802850356 0.0160338390659 
0.425178147268 0.0160420566331 
0.427553444181 0.0161012574968 
0.429928741093 0.0161090413448 
0.432304038005 0.016152899301 
0.434679334917 0.0161781076067 
0.437054631829 0.0161994910333 
0.439429928741 0.0162074324612 
0.441805225653 0.0162393708842 
0.444180522565 0.0162545583919 
0.446555819477 0.0163106753462 
0.44893111639 0.0163190246233 
0.451306413302 0.0163213893281 
0.453681710214 0.0163478637223 
0.456057007126 0.0163549690987 
0.458432304038 0.0163569151727 
0.46080760095 0.0163743978172 
0.463182897862 0.0163787354695 
0.465558194774 0.0164093272031 
0.467933491686 0.0164493537754 
0.470308788599 0.0164643254642 
0.472684085511 0.0164764382603 
0.475059382423 0.0165377072562 
0.477434679335 0.0165417112936 
0.479809976247 0.0165451713067 
0.482185273159 0.0165650540228 
0.484560570071 0.0165959513924 
0.486935866983 0.0166317275997 
0.489311163895 0.0166387731338 
0.491686460808 0.0166517900674 
0.49406175772 0.0166543808504 
0.496437054632 0.016665852326 
0.498812351544 0.0166711624053 
0.501187648456 0.0166759470038 
0.503562945368 0.0167220970568 
0.50593824228 0.0167316405015 
0.508313539192 0.0167345977574 
0.510688836105 0.0167650421109 
0.513064133017 0.016766069762 
0.515439429929 0.0167967947401 
0.517814726841 0.0168047793409 
0.520190023753 0.0168076201116 
0.522565320665 0.0168102925112 
0.524940617577 0.0168511858846 
0.527315914489 0.0168601375793 
0.529691211401 0.0168677469245 
0.532066508314 0.0168755601581 
0.534441805226 0.0168788070461 
0.536817102138 0.0168976252085 
0.53919239905 0.0169051119071 
0.541567695962 0.016909504077 
0.543942992874 0.0169214736186 
0.546318289786 0.0169481971402 
0.548693586698 0.0169516223043 
0.55106888361 0.0169868605138 
0.553444180523 0.0169962060411 
0.555819477435 0.0170069538557 
0.558194774347 0.0170078159354 
0.560570071259 0.0170092232129 
0.562945368171 0.0170152610696 
0.565320665083 0.0170196282762 
0.567695961995 0.0170439423824 
0.570071258907 0.0170633435346 
0.572446555819 0.0170834985449 
0.574821852732 0.017097043536 
0.577197149644 0.0171243821012 
0.579572446556 0.0171256642552 
0.581947743468 0.0171492831037 
0.58432304038 0.0171667007626 
0.586698337292 0.0171907726426 
0.589073634204 0.0171910306001 
0.591448931116 0.0172115964023 
0.593824228029 0.0172174007895 
0.596199524941 0.017243839373 
0.598574821853 0.0172510276693 
0.600950118765 0.0172521670405 
0.603325415677 0.017255998103 
0.605700712589 0.0172810410877 
0.608076009501 0.0172941044235 
0.610451306413 0.0173097743524 
0.612826603325 0.0173552879885 
0.615201900238 0.0174034703305 
0.61757719715 0.017405758283 
0.619952494062 0.0174411825382 
0.622327790974 0.0174439689563 
0.624703087886 0.0174513275818 
0.627078384798 0.01746286061 
0.62945368171 0.0174838968583 
0.631828978622 0.0174900537221 
0.634204275534 0.0174948877106 
0.636579572447 0.0174968851189 
0.638954869359 0.0175324881357 
0.641330166271 0.0175335687186 
0.643705463183 0.0175398257731 
0.646080760095 0.0175415559798 
0.648456057007 0.0175423240479 
0.650831353919 0.017542632514 
0.653206650831 0.01754876311 
0.655581947743 0.0175608755656 
0.657957244656 0.0176281055556 
0.660332541568 0.0176414379637 
0.66270783848 0.0176587793948 
0.665083135392 0.0177119941355 
0.667458432304 0.0177155102494 
0.669833729216 0.0177178281993 
0.672209026128 0.0177284914367 
0.67458432304 0.0177423431289 
0.676959619952 0.0177718081204 
0.679334916865 0.017780015244 
0.681710213777 0.0177957057196 
0.684085510689 0.0177998822067 
0.686460807601 0.0178273584863 
0.688836104513 0.0178710017902 
0.691211401425 0.0178803655823 
0.693586698337 0.0178929844464 
0.695961995249 0.0179042543898 
0.698337292162 0.0179464636291 
0.700712589074 0.0179624044892 
0.703087885986 0.017992609443 
0.705463182898 0.0180368792553 
0.70783847981 0.0180409386355 
0.710213776722 0.0180500688334 
0.712589073634 0.018066139877 
0.714964370546 0.0180841803689 
0.717339667458 0.0180888533304 
0.719714964371 0.0180896317621 
0.722090261283 0.0180994856703 
0.724465558195 0.0181468207696 
0.726840855107 0.0181741335587 
0.729216152019 0.018205935767 
0.731591448931 0.0182069744928 
0.733966745843 0.0182357128365 
0.736342042755 0.0182392859154 
0.738717339667 0.0182564197132 
0.74109263658 0.0182706408319 
0.743467933492 0.0182715632712 
0.745843230404 0.0182764642346 
0.748218527316 0.0182866593003 
0.750593824228 0.0183176177339 
0.75296912114 0.0183633706771 
0.755344418052 0.0184060961348 
0.757719714964 0.0184229087318 
0.760095011876 0.0184288641112 
0.762470308789 0.0184398707757 
0.764845605701 0.0184625439098 
0.767220902613 0.0184664167471 
0.769596199525 0.0184671560113 
0.771971496437 0.0184729747222 
0.774346793349 0.0184816909216 
0.776722090261 0.0185098890272 
0.779097387173 0.0185313515992 
0.781472684086 0.0185597269625 
0.783847980998 0.0185976063103 
0.78622327791 0.018609501085 
0.788598574822 0.0186281177054 
0.790973871734 0.0186597909511 
0.793349168646 0.0186765459935 
0.795724465558 0.018686342947 
0.79809976247 0.0187038288551 
0.800475059382 0.018729102891 
0.802850356295 0.0187398596431 
0.805225653207 0.0187644262159 
0.807600950119 0.0187670647672 
0.809976247031 0.0187934848321 
0.812351543943 0.0188046694481 
0.814726840855 0.0188159813904 
0.817102137767 0.0188277346839 
0.819477434679 0.0188323098382 
0.821852731591 0.0188690357538 
0.824228028504 0.0189197382264 
0.826603325416 0.0189442468441 
0.828978622328 0.0189469280378 
0.83135391924 0.0189825682797 
0.833729216152 0.0189832250604 
0.836104513064 0.0189958666936 
0.838479809976 0.0190032813405 
0.840855106888 0.0190046750947 
0.8432304038 0.0190049609812 
0.845605700713 0.019011023052 
0.847980997625 0.0190495018746 
0.850356294537 0.019056309673 
0.852731591449 0.0190698543997 
0.855106888361 0.019073605169 
0.857482185273 0.0191715949896 
0.859857482185 0.0191859559093 
0.862232779097 0.019235788831 
0.86460807601 0.0192421372084 
0.866983372922 0.0192827689424 
0.869358669834 0.0193528851597 
0.871733966746 0.0193614419101 
0.874109263658 0.0193689162753 
0.87648456057 0.0193773674242 
0.878859857482 0.0193813938619 
0.881235154394 0.0193887271289 
0.883610451306 0.0193892121577 
0.885985748219 0.0193900653585 
0.888361045131 0.0194033562936 
0.890736342043 0.0194206277185 
0.893111638955 0.0194615249681 
0.895486935867 0.0195235945014 
0.897862232779 0.0195844056215 
0.900237529691 0.0196934009519 
0.902612826603 0.0197583916819 
0.904988123515 0.0198616219182 
0.907363420428 0.0198963236398 
0.90973871734 0.0199138741338 
0.912114014252 0.0199458013563 
0.914489311164 0.0199649912094 
0.916864608076 0.020026111679 
0.919239904988 0.0200559348938 
0.9216152019 0.0200599526535 
0.923990498812 0.0200628753513 
0.926365795724 0.020105605199 
0.928741092637 0.0201286236027 
0.931116389549 0.0201433650699 
0.933491686461 0.0202294358195 
0.935866983373 0.0204527890965 
0.938242280285 0.0204627301514 
0.940617577197 0.0205749931952 
0.942992874109 0.0206787181526 
0.945368171021 0.0208137298171 
0.947743467933 0.0208267160755 
0.950118764846 0.0209896147037 
0.952494061758 0.021018731324 
0.95486935867 0.0211202473692 
0.957244655582 0.0212866134708 
0.959619952494 0.021294923584 
0.961995249406 0.0213355184456 
0.964370546318 0.0213789060992 
0.96674584323 0.0215226929229 
0.969121140143 0.0216170328364 
0.971496437055 0.0216630621763 
0.973871733967 0.0217954936439 
0.976247030879 0.0219380737164 
0.978622327791 0.0219540078266 
0.980997624703 0.0222832033625 
0.983372921615 0.02258845223 
0.985748218527 0.0226209677419 
0.988123515439 0.0228271479739 
0.990498812352 0.0228392498962 
0.992874109264 0.0229125167865 
0.995249406176 0.0240757219129 
0.997624703088 0.0259646608702 
1.0 0.0263187354873 
