0.00237529691211 0.00870499123848 
0.00475059382423 0.0103105215556 
0.00712589073634 0.0108520864214 
0.00950118764846 0.0108734256755 
0.0118764845606 0.011819440307 
0.0142517814727 0.0119942848549 
0.0166270783848 0.0124038139846 
0.0190023752969 0.0125660747634 
0.021377672209 0.0129986108355 
0.0237529691211 0.0130082722122 
0.0261282660333 0.0132395691164 
0.0285035629454 0.013392499326 
0.0308788598575 0.0138315662136 
0.0332541567696 0.0138826838752 
0.0356294536817 0.0140594713853 
0.0380047505938 0.0141224728977 
0.0403800475059 0.0141281786266 
0.0427553444181 0.0142723483882 
0.0451306413302 0.0144113372093 
0.0475059382423 0.0145409603442 
0.0498812351544 0.0149055589164 
0.0522565320665 0.0152912600379 
0.0546318289786 0.015399365859 
0.0570071258907 0.0154372008128 
0.0593824228029 0.0165767498175 
0.061757719715 0.0168156488487 
0.0641330166271 0.0175078694052 
0.0665083135392 0.0187420157332 
0.0688836104513 0.0187832791646 
0.0712589073634 0.0191463725671 
0.0736342042755 0.0198636002202 
0.0760095011876 0.0202272356111 
0.0783847980998 0.0203528996696 
0.0807600950119 0.0203536424505 
0.083135391924 0.0204511140596 
0.0855106888361 0.020522044308 
0.0878859857482 0.0205719670806 
0.0902612826603 0.0205929598712 
0.0926365795724 0.0206153271192 
0.0950118764846 0.020759319158 
0.0973871733967 0.0210456121632 
0.0997624703088 0.0212114743838 
0.102137767221 0.0214418642285 
0.104513064133 0.0214601571604 
0.106888361045 0.0214658536676 
0.109263657957 0.0215497238472 
0.111638954869 0.0216110019646 
0.114014251781 0.0219000201844 
0.116389548694 0.0219419127043 
0.118764845606 0.0220466092046 
0.121140142518 0.0220486202267 
0.12351543943 0.0220523178121 
0.125890736342 0.0220523354722 
0.128266033254 0.0220554778115 
0.130641330166 0.0221453849874 
0.133016627078 0.0221955416817 
0.13539192399 0.0225513570613 
0.137767220903 0.0225521239754 
0.140142517815 0.0225592302935 
0.142517814727 0.0226915325442 
0.144893111639 0.0227500824782 
0.147268408551 0.0227738573081 
0.149643705463 0.0228094268441 
0.152019002375 0.0228481921614 
0.154394299287 0.0228861424389 
0.1567695962 0.0229019413018 
0.159144893112 0.0229026714576 
0.161520190024 0.0229503674358 
0.163895486936 0.02296066869 
0.166270783848 0.0229768741981 
0.16864608076 0.0229911635224 
0.171021377672 0.0230190752477 
0.173396674584 0.0230355026715 
0.175771971496 0.0230852448796 
0.178147268409 0.0231949903603 
0.180522565321 0.0232863418565 
0.182897862233 0.0232905465407 
0.185273159145 0.0232941081971 
0.187648456057 0.0232959256189 
0.190023752969 0.0233265987185 
0.192399049881 0.0233825035485 
0.194774346793 0.0234240797683 
0.197149643705 0.0234592551536 
0.199524940618 0.0234650287655 
0.20190023753 0.0234937267338 
0.204275534442 0.0235207855873 
0.206650831354 0.0235683553452 
0.209026128266 0.0235775728055 
0.211401425178 0.0236329850871 
0.21377672209 0.0236607469122 
0.216152019002 0.0237844994677 
0.218527315914 0.0238079817619 
0.220902612827 0.0238099319471 
0.223277909739 0.0239091322126 
0.225653206651 0.0239191198335 
0.228028503563 0.023924139573 
0.230403800475 0.0239902658724 
0.232779097387 0.0239975363304 
0.235154394299 0.0240090735881 
0.237529691211 0.0240093972586 
0.239904988124 0.024010893411 
0.242280285036 0.0240364660262 
0.244655581948 0.0241105227559 
0.24703087886 0.0241290782671 
0.249406175772 0.0241599879337 
0.251781472684 0.0242424242424 
0.254156769596 0.0242566896173 
0.256532066508 0.0242913479215 
0.25890736342 0.0243483301932 
0.261282660333 0.024428487363 
0.263657957245 0.0244388426207 
0.266033254157 0.0245163560937 
0.268408551069 0.024597317244 
0.270783847981 0.0245986721171 
0.273159144893 0.0245986759552 
0.275534441805 0.0246481305744 
0.277909738717 0.0246996326085 
0.280285035629 0.0247196514467 
0.282660332542 0.0247717224678 
0.285035629454 0.0249685613443 
0.287410926366 0.0249974619003 
0.289786223278 0.0250312483017 
0.29216152019 0.0250324565708 
0.294536817102 0.0251042061387 
0.296912114014 0.0251251092223 
0.299287410926 0.0251523617887 
0.301662707838 0.0252550030388 
0.304038004751 0.0252601912275 
0.306413301663 0.025400711526 
0.308788598575 0.0254402920191 
0.311163895487 0.0254416928983 
0.313539192399 0.0254520192325 
0.315914489311 0.0254558767743 
0.318289786223 0.0255000181495 
0.320665083135 0.025514382415 
0.323040380048 0.0256933464863 
0.32541567696 0.0257380444527 
0.327790973872 0.0257644096211 
0.330166270784 0.0257733839195 
0.332541567696 0.0257967865139 
0.334916864608 0.0259279049158 
0.33729216152 0.0260214484402 
0.339667458432 0.0260398608774 
0.342042755344 0.0261064654293 
0.344418052257 0.0261102346411 
0.346793349169 0.0261788870684 
0.349168646081 0.0262119689476 
0.351543942993 0.0262185222287 
0.353919239905 0.0262625161562 
0.356294536817 0.0262771404755 
0.358669833729 0.0262898876322 
0.361045130641 0.026310807229 
0.363420427553 0.0263370080253 
0.365795724466 0.0263473611454 
0.368171021378 0.0263830388978 
0.37054631829 0.0264396108002 
0.372921615202 0.0264851283286 
0.375296912114 0.026511679073 
0.377672209026 0.0265411551965 
0.380047505938 0.0266246212824 
0.38242280285 0.0266526420257 
0.384798099762 0.0266991551511 
0.387173396675 0.0267092116576 
0.389548693587 0.0267346367068 
0.391923990499 0.026761576428 
0.394299287411 0.0268154429502 
0.396674584323 0.0268927554286 
0.399049881235 0.0269653166156 
0.401425178147 0.0269659947579 
0.403800475059 0.0270136831711 
0.406175771971 0.0270312820363 
0.408551068884 0.0270377895165 
0.410926365796 0.0270909026773 
0.413301662708 0.0271560165373 
0.41567695962 0.027171920021 
0.418052256532 0.0271800290945 
0.420427553444 0.0271812689243 
0.422802850356 0.0271888124125 
0.425178147268 0.0272211772231 
0.427553444181 0.0272503178967 
0.429928741093 0.0272663344445 
0.432304038005 0.0273263717824 
0.434679334917 0.0274465359219 
0.437054631829 0.0274650487616 
0.439429928741 0.0274924549009 
0.441805225653 0.0275716474501 
0.444180522565 0.0275793012195 
0.446555819477 0.0276017074503 
0.44893111639 0.0276724503211 
0.451306413302 0.0276775961022 
0.453681710214 0.0277483041483 
0.456057007126 0.0277924718134 
0.458432304038 0.0278647850255 
0.46080760095 0.0280160151723 
0.463182897862 0.0280617956564 
0.465558194774 0.0281158565955 
0.467933491686 0.02813337003 
0.470308788599 0.0281367911246 
0.472684085511 0.0281511093031 
0.475059382423 0.0281875095434 
0.477434679335 0.0282001699879 
0.479809976247 0.0282423332779 
0.482185273159 0.0283656310537 
0.484560570071 0.028388788003 
0.486935866983 0.0284949207609 
0.489311163895 0.0285494891531 
0.491686460808 0.0286864527515 
0.49406175772 0.0286878334117 
0.496437054632 0.0287030975212 
0.498812351544 0.028723734603 
0.501187648456 0.0287674556188 
0.503562945368 0.0287760650384 
0.50593824228 0.0288183824521 
0.508313539192 0.0288783806584 
0.510688836105 0.028909589497 
0.513064133017 0.0289370578875 
0.515439429929 0.0289597437204 
0.517814726841 0.0290012056724 
0.520190023753 0.0291014898972 
0.522565320665 0.0291226602531 
0.524940617577 0.0291426805517 
0.527315914489 0.0291590120801 
0.529691211401 0.0291617912988 
0.532066508314 0.0291824407474 
0.534441805226 0.0292060823928 
0.536817102138 0.0292094742724 
0.53919239905 0.0292349411176 
0.541567695962 0.0292522058181 
0.543942992874 0.0292723378972 
0.546318289786 0.0292886450602 
0.548693586698 0.0293071014637 
0.55106888361 0.0293549671844 
0.553444180523 0.0293554983838 
0.555819477435 0.0294232210839 
0.558194774347 0.0294831822818 
0.560570071259 0.0295499965036 
0.562945368171 0.0295508435002 
0.565320665083 0.0295808081839 
0.567695961995 0.0296170070894 
0.570071258907 0.0296364919711 
0.572446555819 0.0296504986128 
0.574821852732 0.0296680059209 
0.577197149644 0.0296947059674 
0.579572446556 0.029700776585 
0.581947743468 0.0297081446145 
0.58432304038 0.0297359651371 
0.586698337292 0.029761358321 
0.589073634204 0.029806045641 
0.591448931116 0.0298215303178 
0.593824228029 0.0298376971811 
0.596199524941 0.0298621462231 
0.598574821853 0.0298850656286 
0.600950118765 0.0299134218298 
0.603325415677 0.0299385591935 
0.605700712589 0.0299735681144 
0.608076009501 0.0299931055797 
0.610451306413 0.0300672382746 
0.612826603325 0.0301055951616 
0.615201900238 0.0301103619722 
0.61757719715 0.0301338668338 
0.619952494062 0.0301476258485 
0.622327790974 0.0301757484637 
0.624703087886 0.0301918083819 
0.627078384798 0.0302948854033 
0.62945368171 0.0302951040986 
0.631828978622 0.0303885302024 
0.634204275534 0.0304041422999 
0.636579572447 0.0304410990184 
0.638954869359 0.0304454732947 
0.641330166271 0.0305351334492 
0.643705463183 0.0306179944106 
0.646080760095 0.030635862088 
0.648456057007 0.0306561011175 
0.650831353919 0.030697137424 
0.653206650831 0.0307010152926 
0.655581947743 0.0307450813199 
0.657957244656 0.030847102509 
0.660332541568 0.0308543509543 
0.66270783848 0.0308930220288 
0.665083135392 0.0309572687909 
0.667458432304 0.031024371788 
0.669833729216 0.0310586176728 
0.672209026128 0.0310657403615 
0.67458432304 0.0310840617597 
0.676959619952 0.0311194539249 
0.679334916865 0.0311309711486 
0.681710213777 0.0311330384485 
0.684085510689 0.031153096589 
0.686460807601 0.0311784564946 
0.688836104513 0.0312000534476 
0.691211401425 0.0312283759194 
0.693586698337 0.0313619853839 
0.695961995249 0.0313848531541 
0.698337292162 0.0314862663022 
0.700712589074 0.0315627829271 
0.703087885986 0.0315758205852 
0.705463182898 0.0315852770833 
0.70783847981 0.0316280309086 
0.710213776722 0.0316343898063 
0.712589073634 0.031664648717 
0.714964370546 0.0317431263367 
0.717339667458 0.0317573011479 
0.719714964371 0.0317825287197 
0.722090261283 0.0318109055048 
0.724465558195 0.0318936613606 
0.726840855107 0.0320008105135 
0.729216152019 0.0320087420213 
0.731591448931 0.0320550408506 
0.733966745843 0.0320598287388 
0.736342042755 0.0321093094971 
0.738717339667 0.0321256489337 
0.74109263658 0.0321472960083 
0.743467933492 0.0322572998497 
0.745843230404 0.0324420564304 
0.748218527316 0.0324541905598 
0.750593824228 0.032546113016 
0.75296912114 0.0325567175893 
0.755344418052 0.0325716845878 
0.757719714964 0.0325990482095 
0.760095011876 0.0326503994348 
0.762470308789 0.0326504299352 
0.764845605701 0.0326566062317 
0.767220902613 0.0326899011972 
0.769596199525 0.0327071985149 
0.771971496437 0.0327090837701 
0.774346793349 0.0328410534765 
0.776722090261 0.0329914925719 
0.779097387173 0.033017943736 
0.781472684086 0.033061482521 
0.783847980998 0.0330685031645 
0.78622327791 0.0330854755954 
0.788598574822 0.0331548872623 
0.790973871734 0.0333738722177 
0.793349168646 0.0334035638026 
0.795724465558 0.0335271175215 
0.79809976247 0.0335333846585 
0.800475059382 0.0335632944778 
0.802850356295 0.0337243285627 
0.805225653207 0.0337296375396 
0.807600950119 0.0337683345356 
0.809976247031 0.033785362522 
0.812351543943 0.0338570328532 
0.814726840855 0.0338800543719 
0.817102137767 0.0339524407355 
0.819477434679 0.0340605435538 
0.821852731591 0.0341485584224 
0.824228028504 0.0342246643395 
0.826603325416 0.0343450424891 
0.828978622328 0.0344359203587 
0.83135391924 0.034524052407 
0.833729216152 0.0345271848642 
0.836104513064 0.0346328869407 
0.838479809976 0.0346428965511 
0.840855106888 0.0346455298233 
0.8432304038 0.0347075945004 
0.845605700713 0.0347483464596 
0.847980997625 0.0348184945284 
0.850356294537 0.0348350694084 
0.852731591449 0.0350737069374 
0.855106888361 0.0350799798531 
0.857482185273 0.0350903912013 
0.859857482185 0.0350973091719 
0.862232779097 0.0351168909695 
0.86460807601 0.035225193318 
0.866983372922 0.035293648936 
0.869358669834 0.0353748313741 
0.871733966746 0.0353838744836 
0.874109263658 0.0353958024088 
0.87648456057 0.0355166449751 
0.878859857482 0.0355775809464 
0.881235154394 0.0355873814243 
0.883610451306 0.0357042558198 
0.885985748219 0.035854468599 
0.888361045131 0.0359861302268 
0.890736342043 0.0360086468982 
0.893111638955 0.036273337026 
0.895486935867 0.0364144012907 
0.897862232779 0.0364510758428 
0.900237529691 0.0367697495697 
0.902612826603 0.0368492399392 
0.904988123515 0.0368879092314 
0.907363420428 0.0369278724747 
0.90973871734 0.0369447340576 
0.912114014252 0.0370052087063 
0.914489311164 0.0370346726978 
0.916864608076 0.0371742069636 
0.919239904988 0.0371932483408 
0.9216152019 0.037215559285 
0.923990498812 0.0374248817287 
0.926365795724 0.0376894102503 
0.928741092637 0.0378002518433 
0.931116389549 0.0379138235574 
0.933491686461 0.0379908084772 
0.935866983373 0.0381174835596 
0.938242280285 0.0384835778899 
0.940617577197 0.0386002206496 
0.942992874109 0.038687288148 
0.945368171021 0.0387963493917 
0.947743467933 0.0393313508301 
0.950118764846 0.0396979952481 
0.952494061758 0.0397534029926 
0.95486935867 0.0398278658326 
0.957244655582 0.0399138194189 
0.959619952494 0.0399907251081 
0.961995249406 0.0404981629255 
0.964370546318 0.0405415709042 
0.96674584323 0.0409181516158 
0.969121140143 0.0412232381957 
0.971496437055 0.041290666779 
0.973871733967 0.0425654673042 
0.976247030879 0.04261291862 
0.978622327791 0.0433494550315 
0.980997624703 0.0434965328851 
0.983372921615 0.0436427310491 
0.985748218527 0.0438446659723 
0.988123515439 0.0449472458379 
0.990498812352 0.045044195557 
0.992874109264 0.0472980017376 
0.995249406176 0.0489251136639 
0.997624703088 0.0497462531533 
1.0 0.0558491644051 
