0.00237529691211 0.0945486052183 
0.00475059382423 0.098324574406 
0.00712589073634 0.0987413562452 
0.00950118764846 0.102510874715 
0.0118764845606 0.102728422906 
0.0142517814727 0.105732011241 
0.0166270783848 0.106578666477 
0.0190023752969 0.110918220181 
0.021377672209 0.115364396236 
0.0237529691211 0.115673578668 
0.0261282660333 0.11667028435 
0.0285035629454 0.11769688902 
0.0308788598575 0.118306646194 
0.0332541567696 0.120613355374 
0.0356294536817 0.121029864212 
0.0380047505938 0.121804951489 
0.0403800475059 0.121945598881 
0.0427553444181 0.122816481017 
0.0451306413302 0.123634375721 
0.0475059382423 0.125907613581 
0.0498812351544 0.126496222615 
0.0522565320665 0.127882740537 
0.0546318289786 0.128847260021 
0.0570071258907 0.129148592328 
0.0593824228029 0.130427841635 
0.061757719715 0.131173047164 
0.0641330166271 0.131298088856 
0.0665083135392 0.132707041993 
0.0688836104513 0.133385380763 
0.0712589073634 0.133988922626 
0.0736342042755 0.134984525221 
0.0760095011876 0.135674537524 
0.0783847980998 0.136151193764 
0.0807600950119 0.140033013065 
0.083135391924 0.140125977273 
0.0855106888361 0.140983340106 
0.0878859857482 0.144466022387 
0.0902612826603 0.146862167402 
0.0926365795724 0.146924400688 
0.0950118764846 0.15049486196 
0.0973871733967 0.155411152576 
0.0997624703088 0.155633432177 
0.102137767221 0.155953013399 
0.104513064133 0.156997104646 
0.106888361045 0.158567774936 
0.109263657957 0.160678980548 
0.111638954869 0.162034866686 
0.114014251781 0.164290815598 
0.116389548694 0.166192601558 
0.118764845606 0.167526870476 
0.121140142518 0.168986416759 
0.12351543943 0.169456891198 
0.125890736342 0.169679898988 
0.128266033254 0.169709302326 
0.130641330166 0.170936779186 
0.133016627078 0.171863117871 
0.13539192399 0.173533168696 
0.137767220903 0.173874643378 
0.140142517815 0.174157136492 
0.142517814727 0.174769394982 
0.144893111639 0.175137574971 
0.147268408551 0.175535148207 
0.149643705463 0.1757729089 
0.152019002375 0.1771314892 
0.154394299287 0.178419694521 
0.1567695962 0.179881725492 
0.159144893112 0.180198305785 
0.161520190024 0.180992519229 
0.163895486936 0.182485905755 
0.166270783848 0.18302538569 
0.16864608076 0.183164838483 
0.171021377672 0.184375438575 
0.173396674584 0.184921278822 
0.175771971496 0.185185425059 
0.178147268409 0.18593563307 
0.180522565321 0.186511668542 
0.182897862233 0.186539663109 
0.185273159145 0.187016215279 
0.187648456057 0.187284234753 
0.190023752969 0.187556522454 
0.192399049881 0.188319169998 
0.194774346793 0.188562134494 
0.197149643705 0.190107528745 
0.199524940618 0.191032702865 
0.20190023753 0.191775883715 
0.204275534442 0.192018448582 
0.206650831354 0.192088020988 
0.209026128266 0.192554267023 
0.211401425178 0.193482688391 
0.21377672209 0.194297613936 
0.216152019002 0.194443749719 
0.218527315914 0.194570527441 
0.220902612827 0.194707422287 
0.223277909739 0.195388639707 
0.225653206651 0.195838937227 
0.228028503563 0.196068801392 
0.230403800475 0.19667661282 
0.232779097387 0.197073010305 
0.235154394299 0.197223220082 
0.237529691211 0.19798065331 
0.239904988124 0.198254608389 
0.242280285036 0.198487215638 
0.244655581948 0.198500723652 
0.24703087886 0.199392796357 
0.249406175772 0.199993663818 
0.251781472684 0.200390648165 
0.254156769596 0.200570623011 
0.256532066508 0.200627952008 
0.25890736342 0.20077567196 
0.261282660333 0.201178786113 
0.263657957245 0.201236283097 
0.266033254157 0.201356658336 
0.268408551069 0.201621646511 
0.270783847981 0.201886972997 
0.273159144893 0.201931333649 
0.275534441805 0.201933966373 
0.277909738717 0.202027875325 
0.280285035629 0.202322337554 
0.282660332542 0.202458014237 
0.285035629454 0.202734921839 
0.287410926366 0.203640394767 
0.289786223278 0.203993518917 
0.29216152019 0.204104433951 
0.294536817102 0.204239536255 
0.296912114014 0.204375353349 
0.299287410926 0.204771362856 
0.301662707838 0.204856841582 
0.304038004751 0.205146759708 
0.306413301663 0.205189241891 
0.308788598575 0.205256548016 
0.311163895487 0.205381649368 
0.313539192399 0.20582226762 
0.315914489311 0.206058622229 
0.318289786223 0.206066745264 
0.320665083135 0.206075972355 
0.323040380048 0.206083064686 
0.32541567696 0.206210081116 
0.327790973872 0.206334397969 
0.330166270784 0.206354408966 
0.332541567696 0.206451188011 
0.334916864608 0.206796093074 
0.33729216152 0.206840379088 
0.339667458432 0.207313999376 
0.342042755344 0.20740583134 
0.344418052257 0.207590131458 
0.346793349169 0.207778037281 
0.349168646081 0.207908623489 
0.351543942993 0.207989166218 
0.353919239905 0.208068006594 
0.356294536817 0.208150513096 
0.358669833729 0.20832319722 
0.361045130641 0.208786266659 
0.363420427553 0.209029511139 
0.365795724466 0.209108767961 
0.368171021378 0.209580349312 
0.37054631829 0.209770764106 
0.372921615202 0.209987280144 
0.375296912114 0.210050626166 
0.377672209026 0.210249780028 
0.380047505938 0.210281185539 
0.38242280285 0.210292470534 
0.384798099762 0.210452090244 
0.387173396675 0.210770236511 
0.389548693587 0.211187608288 
0.391923990499 0.211322701285 
0.394299287411 0.211326926417 
0.396674584323 0.211841183538 
0.399049881235 0.211869122045 
0.401425178147 0.211922568935 
0.403800475059 0.212327039724 
0.406175771971 0.212382932919 
0.408551068884 0.212418714478 
0.410926365796 0.212675447662 
0.413301662708 0.212680740695 
0.41567695962 0.212867862462 
0.418052256532 0.212975920036 
0.420427553444 0.213013369275 
0.422802850356 0.213391636458 
0.425178147268 0.213550401103 
0.427553444181 0.213676532419 
0.429928741093 0.213706449846 
0.432304038005 0.213913925308 
0.434679334917 0.214257471881 
0.437054631829 0.214461934655 
0.439429928741 0.214612979342 
0.441805225653 0.215060127288 
0.444180522565 0.215249976259 
0.446555819477 0.215582673617 
0.44893111639 0.215688692246 
0.451306413302 0.215730155927 
0.453681710214 0.215790415697 
0.456057007126 0.216017675086 
0.458432304038 0.216030861552 
0.46080760095 0.216059869365 
0.463182897862 0.21633339781 
0.465558194774 0.216472369198 
0.467933491686 0.216593684148 
0.470308788599 0.216603535354 
0.472684085511 0.216620424583 
0.475059382423 0.21681430357 
0.477434679335 0.217190592134 
0.479809976247 0.217226074445 
0.482185273159 0.217363494259 
0.484560570071 0.217518057461 
0.486935866983 0.217946466208 
0.489311163895 0.218044775617 
0.491686460808 0.218183999863 
0.49406175772 0.218208001306 
0.496437054632 0.218213232623 
0.498812351544 0.218500702142 
0.501187648456 0.218600810581 
0.503562945368 0.218656515341 
0.50593824228 0.218691630348 
0.508313539192 0.218758292538 
0.510688836105 0.218845348273 
0.513064133017 0.218910506654 
0.515439429929 0.219013265702 
0.517814726841 0.219089245701 
0.520190023753 0.219239000837 
0.522565320665 0.219242650798 
0.524940617577 0.219831282386 
0.527315914489 0.219898847766 
0.529691211401 0.220380504063 
0.532066508314 0.220819043953 
0.534441805226 0.220918459492 
0.536817102138 0.221033317005 
0.53919239905 0.221159509407 
0.541567695962 0.221195140311 
0.543942992874 0.221480968985 
0.546318289786 0.221640923804 
0.548693586698 0.221753744762 
0.55106888361 0.221813891818 
0.553444180523 0.221817590497 
0.555819477435 0.222089970755 
0.558194774347 0.222146376621 
0.560570071259 0.222157518128 
0.562945368171 0.222182974214 
0.565320665083 0.222811020931 
0.567695961995 0.222865102714 
0.570071258907 0.222872203116 
0.572446555819 0.223197108183 
0.574821852732 0.223235246324 
0.577197149644 0.223316087819 
0.579572446556 0.223330361918 
0.581947743468 0.223964378744 
0.58432304038 0.224102602735 
0.586698337292 0.224306276896 
0.589073634204 0.224417736813 
0.591448931116 0.224432618122 
0.593824228029 0.22460591434 
0.596199524941 0.224661857882 
0.598574821853 0.224673045912 
0.600950118765 0.22483347438 
0.603325415677 0.224895497623 
0.605700712589 0.224996331704 
0.608076009501 0.22516210986 
0.610451306413 0.225336217763 
0.612826603325 0.225484455794 
0.615201900238 0.225672171685 
0.61757719715 0.225812108501 
0.619952494062 0.225844250843 
0.622327790974 0.225867267164 
0.624703087886 0.225943515061 
0.627078384798 0.22595965924 
0.62945368171 0.226235990609 
0.631828978622 0.226335863022 
0.634204275534 0.226353924721 
0.636579572447 0.226444577938 
0.638954869359 0.226501680821 
0.641330166271 0.226621127751 
0.643705463183 0.226770290287 
0.646080760095 0.226875026699 
0.648456057007 0.227055349635 
0.650831353919 0.227382878317 
0.653206650831 0.22746307661 
0.655581947743 0.227534888144 
0.657957244656 0.227761282145 
0.660332541568 0.228219945215 
0.66270783848 0.228303452675 
0.665083135392 0.228408304261 
0.667458432304 0.229154026029 
0.669833729216 0.229154639624 
0.672209026128 0.229490723778 
0.67458432304 0.229666887039 
0.676959619952 0.229766135504 
0.679334916865 0.230074449979 
0.681710213777 0.230160710202 
0.684085510689 0.230280820169 
0.686460807601 0.23037150517 
0.688836104513 0.230399411601 
0.691211401425 0.230432404882 
0.693586698337 0.230464342439 
0.695961995249 0.231080197588 
0.698337292162 0.231181535938 
0.700712589074 0.23121573385 
0.703087885986 0.231341031408 
0.705463182898 0.231541369896 
0.70783847981 0.231854538916 
0.710213776722 0.231926752486 
0.712589073634 0.232137835606 
0.714964370546 0.232429431938 
0.717339667458 0.232554975798 
0.719714964371 0.232915011451 
0.722090261283 0.23297173605 
0.724465558195 0.232999263295 
0.726840855107 0.233125564455 
0.729216152019 0.233339441956 
0.731591448931 0.233851046912 
0.733966745843 0.234054276162 
0.736342042755 0.234351507619 
0.738717339667 0.234690962516 
0.74109263658 0.235857601921 
0.743467933492 0.236031783762 
0.745843230404 0.237930543499 
0.748218527316 0.237966247525 
0.750593824228 0.238455259714 
0.75296912114 0.23849798521 
0.755344418052 0.238974200882 
0.757719714964 0.23897776393 
0.760095011876 0.239017098423 
0.762470308789 0.239429507237 
0.764845605701 0.239492259114 
0.767220902613 0.239689055891 
0.769596199525 0.239784335982 
0.771971496437 0.239999461296 
0.774346793349 0.240754843143 
0.776722090261 0.240777663039 
0.779097387173 0.240881741262 
0.781472684086 0.241266018423 
0.783847980998 0.241756517244 
0.78622327791 0.241918546409 
0.788598574822 0.241985759975 
0.790973871734 0.242268323952 
0.793349168646 0.242447250639 
0.795724465558 0.242561984892 
0.79809976247 0.242569931695 
0.800475059382 0.242936850236 
0.802850356295 0.243185638165 
0.805225653207 0.243426704744 
0.807600950119 0.243617942461 
0.809976247031 0.244166327655 
0.812351543943 0.245591751683 
0.814726840855 0.246256056506 
0.817102137767 0.246257063353 
0.819477434679 0.246391388742 
0.821852731591 0.246609905175 
0.824228028504 0.247096062676 
0.826603325416 0.247400326197 
0.828978622328 0.247663467414 
0.83135391924 0.247690022062 
0.833729216152 0.247991945206 
0.836104513064 0.248085881124 
0.838479809976 0.248337167211 
0.840855106888 0.249241552696 
0.8432304038 0.249284648218 
0.845605700713 0.249364650803 
0.847980997625 0.249414299559 
0.850356294537 0.249580207706 
0.852731591449 0.251118089257 
0.855106888361 0.25166424834 
0.857482185273 0.251826033471 
0.859857482185 0.251932814159 
0.862232779097 0.252020590114 
0.86460807601 0.25238153053 
0.866983372922 0.252480665067 
0.869358669834 0.252760191143 
0.871733966746 0.252930897391 
0.874109263658 0.25334338263 
0.87648456057 0.253362993144 
0.878859857482 0.253515303647 
0.881235154394 0.253592231183 
0.883610451306 0.25397390067 
0.885985748219 0.254816352558 
0.888361045131 0.255238941063 
0.890736342043 0.255746263051 
0.893111638955 0.256074062992 
0.895486935867 0.256244047365 
0.897862232779 0.256504289118 
0.900237529691 0.256700433104 
0.902612826603 0.25772233615 
0.904988123515 0.258566812172 
0.907363420428 0.259097538457 
0.90973871734 0.259772776797 
0.912114014252 0.260431566951 
0.914489311164 0.260915578828 
0.916864608076 0.261524744475 
0.919239904988 0.262394595961 
0.9216152019 0.262491467577 
0.923990498812 0.263853530022 
0.926365795724 0.263935568399 
0.928741092637 0.264109076327 
0.931116389549 0.264114477674 
0.933491686461 0.264410590203 
0.935866983373 0.265368210037 
0.938242280285 0.265526492923 
0.940617577197 0.265961601619 
0.942992874109 0.266208064149 
0.945368171021 0.266247688473 
0.947743467933 0.266511496685 
0.950118764846 0.267179776144 
0.952494061758 0.268174758055 
0.95486935867 0.26819253953 
0.957244655582 0.268428403378 
0.959619952494 0.268733802636 
0.961995249406 0.26892692417 
0.964370546318 0.270443962934 
0.96674584323 0.270761188868 
0.969121140143 0.270889324294 
0.971496437055 0.271525823382 
0.973871733967 0.271950452239 
0.976247030879 0.272456945771 
0.978622327791 0.272670698652 
0.980997624703 0.272755376344 
0.983372921615 0.27350861542 
0.985748218527 0.276277024299 
0.988123515439 0.27742831468 
0.990498812352 0.278791412305 
0.992874109264 0.28040725149 
0.995249406176 0.280488273187 
0.997624703088 0.281435623606 
1.0 0.328217929602 
