0.00237529691211 0.114190776487 
0.00475059382423 0.117705801443 
0.00712589073634 0.120037772521 
0.00950118764846 0.121442040845 
0.0118764845606 0.121475093204 
0.0142517814727 0.127454619368 
0.0166270783848 0.128198280006 
0.0190023752969 0.128558548029 
0.021377672209 0.129307894397 
0.0237529691211 0.131319854435 
0.0261282660333 0.132423777144 
0.0285035629454 0.136420773496 
0.0308788598575 0.136959622793 
0.0332541567696 0.137515620645 
0.0356294536817 0.138631624002 
0.0380047505938 0.138792997704 
0.0403800475059 0.140023165756 
0.0427553444181 0.140222845964 
0.0451306413302 0.141699362117 
0.0475059382423 0.143985332335 
0.0498812351544 0.144569624372 
0.0522565320665 0.144636015326 
0.0546318289786 0.144792577153 
0.0570071258907 0.14838020588 
0.0593824228029 0.151051053545 
0.061757719715 0.15274759647 
0.0641330166271 0.154460656835 
0.0665083135392 0.156218980298 
0.0688836104513 0.16218610321 
0.0712589073634 0.162332412855 
0.0736342042755 0.166693902897 
0.0760095011876 0.166795034724 
0.0783847980998 0.1684247485 
0.0807600950119 0.16900895768 
0.083135391924 0.169633483781 
0.0855106888361 0.170642921971 
0.0878859857482 0.174590163934 
0.0902612826603 0.174911077702 
0.0926365795724 0.175308992755 
0.0950118764846 0.178250988726 
0.0973871733967 0.179733531176 
0.0997624703088 0.18171306384 
0.102137767221 0.182119835921 
0.104513064133 0.182214729744 
0.106888361045 0.182285040135 
0.109263657957 0.182290086861 
0.111638954869 0.183508586126 
0.114014251781 0.185166404799 
0.116389548694 0.185747851357 
0.118764845606 0.186679904029 
0.121140142518 0.189448996512 
0.12351543943 0.189738170036 
0.125890736342 0.191838950395 
0.128266033254 0.191895983709 
0.130641330166 0.192281751464 
0.133016627078 0.192493821667 
0.13539192399 0.192503804352 
0.137767220903 0.192650303173 
0.140142517815 0.193093202747 
0.142517814727 0.193137787324 
0.144893111639 0.193758995224 
0.147268408551 0.193936813421 
0.149643705463 0.19572658052 
0.152019002375 0.196585239323 
0.154394299287 0.196622699713 
0.1567695962 0.197138480215 
0.159144893112 0.19719659758 
0.161520190024 0.198370984697 
0.163895486936 0.198578837628 
0.166270783848 0.198738520867 
0.16864608076 0.1990625 
0.171021377672 0.199427878851 
0.173396674584 0.200170800535 
0.175771971496 0.200383647913 
0.178147268409 0.200514240935 
0.180522565321 0.200750686559 
0.182897862233 0.200785712074 
0.185273159145 0.201035745863 
0.187648456057 0.201795634768 
0.190023752969 0.202046334868 
0.192399049881 0.202581768021 
0.194774346793 0.203126218471 
0.197149643705 0.203201245766 
0.199524940618 0.203460085547 
0.20190023753 0.204031605319 
0.204275534442 0.204242066532 
0.206650831354 0.205558900186 
0.209026128266 0.206089602511 
0.211401425178 0.206201992202 
0.21377672209 0.206739630865 
0.216152019002 0.207150164027 
0.218527315914 0.207220973212 
0.220902612827 0.207251901435 
0.223277909739 0.207326623546 
0.225653206651 0.207354625805 
0.228028503563 0.207437733318 
0.230403800475 0.208211248909 
0.232779097387 0.209142172411 
0.235154394299 0.209516974804 
0.237529691211 0.209518848406 
0.239904988124 0.210627754298 
0.242280285036 0.210808092449 
0.244655581948 0.211058080404 
0.24703087886 0.211076305318 
0.249406175772 0.211416046229 
0.251781472684 0.211590826152 
0.254156769596 0.211681911861 
0.256532066508 0.211949664342 
0.25890736342 0.212048867229 
0.261282660333 0.212061512566 
0.263657957245 0.212155413005 
0.266033254157 0.212506690455 
0.268408551069 0.21257193951 
0.270783847981 0.212788062641 
0.273159144893 0.213084860345 
0.275534441805 0.213758682552 
0.277909738717 0.213782092105 
0.280285035629 0.213812548833 
0.282660332542 0.213824005709 
0.285035629454 0.213934383534 
0.287410926366 0.214009255995 
0.289786223278 0.21403346263 
0.29216152019 0.214401480977 
0.294536817102 0.214410580464 
0.296912114014 0.214430138807 
0.299287410926 0.214845405159 
0.301662707838 0.214905631275 
0.304038004751 0.215286593919 
0.306413301663 0.21534206078 
0.308788598575 0.215343645119 
0.311163895487 0.215690292999 
0.313539192399 0.215708761926 
0.315914489311 0.215762622798 
0.318289786223 0.215777863319 
0.320665083135 0.215856664838 
0.323040380048 0.215989081496 
0.32541567696 0.216240250006 
0.327790973872 0.216267571572 
0.330166270784 0.216408411009 
0.332541567696 0.216456092367 
0.334916864608 0.216520079427 
0.33729216152 0.2166283084 
0.339667458432 0.216740163263 
0.342042755344 0.21691266511 
0.344418052257 0.217018020739 
0.346793349169 0.217139850811 
0.349168646081 0.217401007116 
0.351543942993 0.217466211468 
0.353919239905 0.217627378928 
0.356294536817 0.217955317616 
0.358669833729 0.218095012626 
0.361045130641 0.218563598113 
0.363420427553 0.218669706444 
0.365795724466 0.218759594719 
0.368171021378 0.218860357934 
0.37054631829 0.218994268305 
0.372921615202 0.219022010312 
0.375296912114 0.21913208004 
0.377672209026 0.219274871137 
0.380047505938 0.21945760462 
0.38242280285 0.219521455717 
0.384798099762 0.219646543371 
0.387173396675 0.220289526258 
0.389548693587 0.220530781755 
0.391923990499 0.220645604893 
0.394299287411 0.220852800325 
0.396674584323 0.220883367983 
0.399049881235 0.220932274835 
0.401425178147 0.221124943208 
0.403800475059 0.221178782482 
0.406175771971 0.22156523904 
0.408551068884 0.221634460798 
0.410926365796 0.221844979191 
0.413301662708 0.221964531637 
0.41567695962 0.222038295519 
0.418052256532 0.222069071406 
0.420427553444 0.222397911076 
0.422802850356 0.222409338662 
0.425178147268 0.222427464216 
0.427553444181 0.222523407262 
0.429928741093 0.222939073541 
0.432304038005 0.22302806551 
0.434679334917 0.223391048677 
0.437054631829 0.223404411119 
0.439429928741 0.223598360753 
0.441805225653 0.223846583334 
0.444180522565 0.22385883946 
0.446555819477 0.22430345256 
0.44893111639 0.224534260963 
0.451306413302 0.224589031226 
0.453681710214 0.224608192187 
0.456057007126 0.22462452643 
0.458432304038 0.224793988369 
0.46080760095 0.225212858384 
0.463182897862 0.225217079404 
0.465558194774 0.225222488676 
0.467933491686 0.225982228206 
0.470308788599 0.226143256272 
0.472684085511 0.226261753304 
0.475059382423 0.226490827749 
0.477434679335 0.226493502686 
0.479809976247 0.226918613302 
0.482185273159 0.227076220499 
0.484560570071 0.227109414682 
0.486935866983 0.227222641876 
0.489311163895 0.227555162265 
0.491686460808 0.227699725037 
0.49406175772 0.227712381445 
0.496437054632 0.227730877652 
0.498812351544 0.227735964702 
0.501187648456 0.228033147453 
0.503562945368 0.228181464557 
0.50593824228 0.228212369178 
0.508313539192 0.228445652078 
0.510688836105 0.228635221475 
0.513064133017 0.228667026746 
0.515439429929 0.228723076644 
0.517814726841 0.228765111024 
0.520190023753 0.22927418059 
0.522565320665 0.22930360745 
0.524940617577 0.229327542479 
0.527315914489 0.229448257369 
0.529691211401 0.22948728937 
0.532066508314 0.229618797567 
0.534441805226 0.22966169002 
0.536817102138 0.229665368627 
0.53919239905 0.229889193768 
0.541567695962 0.23005918579 
0.543942992874 0.230322708623 
0.546318289786 0.230374108079 
0.548693586698 0.230967434833 
0.55106888361 0.231019380927 
0.553444180523 0.231374587167 
0.555819477435 0.231455641819 
0.558194774347 0.231532232237 
0.560570071259 0.231584599939 
0.562945368171 0.231690948493 
0.565320665083 0.231707005393 
0.567695961995 0.231839946413 
0.570071258907 0.231895632728 
0.572446555819 0.231992701888 
0.574821852732 0.232061385317 
0.577197149644 0.232081272257 
0.579572446556 0.232344210301 
0.581947743468 0.232722612991 
0.58432304038 0.23281561241 
0.586698337292 0.232942968747 
0.589073634204 0.233046849536 
0.591448931116 0.233102962611 
0.593824228029 0.233538871856 
0.596199524941 0.234113032626 
0.598574821853 0.234221011432 
0.600950118765 0.23446754276 
0.603325415677 0.234483365992 
0.605700712589 0.234567059577 
0.608076009501 0.234987325544 
0.610451306413 0.23507070514 
0.612826603325 0.235390230619 
0.615201900238 0.235537145156 
0.61757719715 0.236310637512 
0.619952494062 0.236433447705 
0.622327790974 0.236485235331 
0.624703087886 0.236720639131 
0.627078384798 0.236786192553 
0.62945368171 0.236872037547 
0.631828978622 0.236886723285 
0.634204275534 0.236996433182 
0.636579572447 0.237092148023 
0.638954869359 0.237171724088 
0.641330166271 0.23723049254 
0.643705463183 0.237459808144 
0.646080760095 0.237521306352 
0.648456057007 0.237683389121 
0.650831353919 0.237769933633 
0.653206650831 0.238226265006 
0.655581947743 0.23828287873 
0.657957244656 0.238353214912 
0.660332541568 0.238424965698 
0.66270783848 0.238502835213 
0.665083135392 0.238820458241 
0.667458432304 0.239263402586 
0.669833729216 0.239758466357 
0.672209026128 0.239897423171 
0.67458432304 0.240312608403 
0.676959619952 0.240323607592 
0.679334916865 0.240386619987 
0.681710213777 0.240715181232 
0.684085510689 0.240736513453 
0.686460807601 0.240822304495 
0.688836104513 0.240863213244 
0.691211401425 0.240867123835 
0.693586698337 0.240961313534 
0.695961995249 0.241553611825 
0.698337292162 0.241858009483 
0.700712589074 0.242494581454 
0.703087885986 0.242571980829 
0.705463182898 0.243424840481 
0.70783847981 0.243472450197 
0.710213776722 0.244016137272 
0.712589073634 0.24442469491 
0.714964370546 0.244685997905 
0.717339667458 0.245153659026 
0.719714964371 0.245251079422 
0.722090261283 0.245492741279 
0.724465558195 0.245784963336 
0.726840855107 0.245835542062 
0.729216152019 0.246092980925 
0.731591448931 0.247206215151 
0.733966745843 0.247422930967 
0.736342042755 0.247533845713 
0.738717339667 0.248665083748 
0.74109263658 0.248947285912 
0.743467933492 0.249132398384 
0.745843230404 0.249181102708 
0.748218527316 0.250052659799 
0.750593824228 0.250273445238 
0.75296912114 0.250613280204 
0.755344418052 0.251103501914 
0.757719714964 0.253002372014 
0.760095011876 0.254450241414 
0.762470308789 0.254510258323 
0.764845605701 0.254861386925 
0.767220902613 0.255284098572 
0.769596199525 0.255328336039 
0.771971496437 0.255434968909 
0.774346793349 0.255525954575 
0.776722090261 0.255719267744 
0.779097387173 0.257901239671 
0.781472684086 0.258265018618 
0.783847980998 0.259082946659 
0.78622327791 0.259282056925 
0.788598574822 0.259349107839 
0.790973871734 0.260620820972 
0.793349168646 0.260901879704 
0.795724465558 0.261599640422 
0.79809976247 0.261676037783 
0.800475059382 0.26227710287 
0.802850356295 0.262314452404 
0.805225653207 0.262590265804 
0.807600950119 0.262734654676 
0.809976247031 0.263183492472 
0.812351543943 0.264175474115 
0.814726840855 0.264304659055 
0.817102137767 0.265124303533 
0.819477434679 0.265368915607 
0.821852731591 0.265488515044 
0.824228028504 0.26688393906 
0.826603325416 0.267026753313 
0.828978622328 0.26708094667 
0.83135391924 0.267801983223 
0.833729216152 0.268043596018 
0.836104513064 0.268666971022 
0.838479809976 0.26892357427 
0.840855106888 0.269741221598 
0.8432304038 0.269765771815 
0.845605700713 0.26978689468 
0.847980997625 0.269891476972 
0.850356294537 0.271223996312 
0.852731591449 0.271237448917 
0.855106888361 0.271930581193 
0.857482185273 0.271980931086 
0.859857482185 0.27221402568 
0.862232779097 0.272303565932 
0.86460807601 0.272444598923 
0.866983372922 0.273391108971 
0.869358669834 0.273412256004 
0.871733966746 0.273553998065 
0.874109263658 0.273875281121 
0.87648456057 0.273962902677 
0.878859857482 0.274032060121 
0.881235154394 0.274160101343 
0.883610451306 0.274204020264 
0.885985748219 0.274379009934 
0.888361045131 0.27450665 
0.890736342043 0.275172763464 
0.893111638955 0.276403058913 
0.895486935867 0.277277924823 
0.897862232779 0.277622875381 
0.900237529691 0.277795811189 
0.902612826603 0.278471055339 
0.904988123515 0.280215198744 
0.907363420428 0.280323269806 
0.90973871734 0.280366702663 
0.912114014252 0.280499301108 
0.914489311164 0.280679191431 
0.916864608076 0.282363002676 
0.919239904988 0.284357480968 
0.9216152019 0.28449850733 
0.923990498812 0.285025315136 
0.926365795724 0.285112958732 
0.928741092637 0.285629422556 
0.931116389549 0.285836177474 
0.933491686461 0.286001786806 
0.935866983373 0.286097785401 
0.938242280285 0.286190429696 
0.940617577197 0.286328900796 
0.942992874109 0.286654290808 
0.945368171021 0.286686048827 
0.947743467933 0.286885660778 
0.950118764846 0.287401070614 
0.952494061758 0.287436158388 
0.95486935867 0.287514059705 
0.957244655582 0.288050505819 
0.959619952494 0.288068387541 
0.961995249406 0.288614483964 
0.964370546318 0.289483771197 
0.96674584323 0.289632107023 
0.969121140143 0.290746969986 
0.971496437055 0.291125351528 
0.973871733967 0.29145609319 
0.976247030879 0.292423134678 
0.978622327791 0.295555248163 
0.980997624703 0.295686420731 
0.983372921615 0.297537625349 
0.985748218527 0.297784801972 
0.988123515439 0.299055326748 
0.990498812352 0.299253873594 
0.992874109264 0.299398964264 
0.995249406176 0.300660537785 
0.997624703088 0.301096607148 
1.0 0.348517593973 
